   0.0000000e+00  -1.1051264e+00
   1.0000000e-03  -1.1051264e+00
   2.0000000e-03  -1.1051264e+00
   3.0000000e-03  -1.1051263e+00
   4.0000000e-03  -1.1051263e+00
   5.0000000e-03  -1.1051262e+00
   6.0000000e-03  -1.1051261e+00
   7.0000000e-03  -1.1051259e+00
   8.0000000e-03  -1.1051257e+00
   9.0000000e-03  -1.1051254e+00
   1.0000000e-02  -1.1051250e+00
   1.1000000e-02  -1.1051245e+00
   1.2000000e-02  -1.1051240e+00
   1.3000000e-02  -1.1051233e+00
   1.4000000e-02  -1.1051226e+00
   1.5000000e-02  -1.1051217e+00
   1.6000000e-02  -1.1051207e+00
   1.7000000e-02  -1.1051196e+00
   1.8000000e-02  -1.1051184e+00
   1.9000000e-02  -1.1051170e+00
   2.0000000e-02  -1.1051154e+00
   2.1000000e-02  -1.1051137e+00
   2.2000000e-02  -1.1051118e+00
   2.3000000e-02  -1.1051098e+00
   2.4000000e-02  -1.1051076e+00
   2.5000000e-02  -1.1051051e+00
   2.6000000e-02  -1.1051025e+00
   2.7000000e-02  -1.1050997e+00
   2.8000000e-02  -1.1050967e+00
   2.9000000e-02  -1.1050935e+00
   3.0000000e-02  -1.1050900e+00
   3.1000000e-02  -1.1050863e+00
   3.2000000e-02  -1.1050824e+00
   3.3000000e-02  -1.1050782e+00
   3.4000000e-02  -1.1050738e+00
   3.5000000e-02  -1.1050691e+00
   3.6000000e-02  -1.1050641e+00
   3.7000000e-02  -1.1050589e+00
   3.8000000e-02  -1.1050534e+00
   3.9000000e-02  -1.1050476e+00
   4.0000000e-02  -1.1050416e+00
   4.1000000e-02  -1.1050352e+00
   4.2000000e-02  -1.1050285e+00
   4.3000000e-02  -1.1050216e+00
   4.4000000e-02  -1.1050143e+00
   4.5000000e-02  -1.1050067e+00
   4.6000000e-02  -1.1049987e+00
   4.7000000e-02  -1.1049905e+00
   4.8000000e-02  -1.1049819e+00
   4.9000000e-02  -1.1049729e+00
   5.0000000e-02  -1.1049636e+00
   5.1000000e-02  -1.1049540e+00
   5.2000000e-02  -1.1049440e+00
   5.3000000e-02  -1.1049336e+00
   5.4000000e-02  -1.1049229e+00
   5.5000000e-02  -1.1049118e+00
   5.6000000e-02  -1.1049003e+00
   5.7000000e-02  -1.1048884e+00
   5.8000000e-02  -1.1048762e+00
   5.9000000e-02  -1.1048635e+00
   6.0000000e-02  -1.1048505e+00
   6.1000000e-02  -1.1048370e+00
   6.2000000e-02  -1.1048231e+00
   6.3000000e-02  -1.1048089e+00
   6.4000000e-02  -1.1047942e+00
   6.5000000e-02  -1.1047791e+00
   6.6000000e-02  -1.1047635e+00
   6.7000000e-02  -1.1047476e+00
   6.8000000e-02  -1.1047312e+00
   6.9000000e-02  -1.1047144e+00
   7.0000000e-02  -1.1046971e+00
   7.1000000e-02  -1.1046794e+00
   7.2000000e-02  -1.1046612e+00
   7.3000000e-02  -1.1046426e+00
   7.4000000e-02  -1.1046235e+00
   7.5000000e-02  -1.1046040e+00
   7.6000000e-02  -1.1045841e+00
   7.7000000e-02  -1.1045636e+00
   7.8000000e-02  -1.1045427e+00
   7.9000000e-02  -1.1045213e+00
   8.0000000e-02  -1.1044995e+00
   8.1000000e-02  -1.1044772e+00
   8.2000000e-02  -1.1044544e+00
   8.3000000e-02  -1.1044311e+00
   8.4000000e-02  -1.1044074e+00
   8.5000000e-02  -1.1043832e+00
   8.6000000e-02  -1.1043584e+00
   8.7000000e-02  -1.1043332e+00
   8.8000000e-02  -1.1043076e+00
   8.9000000e-02  -1.1042814e+00
   9.0000000e-02  -1.1042547e+00
   9.1000000e-02  -1.1042276e+00
   9.2000000e-02  -1.1041999e+00
   9.3000000e-02  -1.1041718e+00
   9.4000000e-02  -1.1041431e+00
   9.5000000e-02  -1.1041140e+00
   9.6000000e-02  -1.1040844e+00
   9.7000000e-02  -1.1040543e+00
   9.8000000e-02  -1.1040237e+00
   9.9000000e-02  -1.1039925e+00
   1.0000000e-01  -1.1039609e+00
   1.0100000e-01  -1.1039288e+00
   1.0200000e-01  -1.1038962e+00
   1.0300000e-01  -1.1038631e+00
   1.0400000e-01  -1.1038295e+00
   1.0500000e-01  -1.1037954e+00
   1.0600000e-01  -1.1037608e+00
   1.0700000e-01  -1.1037257e+00
   1.0800000e-01  -1.1036901e+00
   1.0900000e-01  -1.1036541e+00
   1.1000000e-01  -1.1036175e+00
   1.1100000e-01  -1.1035804e+00
   1.1200000e-01  -1.1035429e+00
   1.1300000e-01  -1.1035048e+00
   1.1400000e-01  -1.1034663e+00
   1.1500000e-01  -1.1034273e+00
   1.1600000e-01  -1.1033878e+00
   1.1700000e-01  -1.1033479e+00
   1.1800000e-01  -1.1033074e+00
   1.1900000e-01  -1.1032665e+00
   1.2000000e-01  -1.1032251e+00
   1.2100000e-01  -1.1031833e+00
   1.2200000e-01  -1.1031409e+00
   1.2300000e-01  -1.1030981e+00
   1.2400000e-01  -1.1030549e+00
   1.2500000e-01  -1.1030112e+00
   1.2600000e-01  -1.1029670e+00
   1.2700000e-01  -1.1029224e+00
   1.2800000e-01  -1.1028773e+00
   1.2900000e-01  -1.1028318e+00
   1.3000000e-01  -1.1027859e+00
   1.3100000e-01  -1.1027395e+00
   1.3200000e-01  -1.1026927e+00
   1.3300000e-01  -1.1026455e+00
   1.3400000e-01  -1.1025978e+00
   1.3500000e-01  -1.1025497e+00
   1.3600000e-01  -1.1025013e+00
   1.3700000e-01  -1.1024524e+00
   1.3800000e-01  -1.1024031e+00
   1.3900000e-01  -1.1023534e+00
   1.4000000e-01  -1.1023033e+00
   1.4100000e-01  -1.1022528e+00
   1.4200000e-01  -1.1022020e+00
   1.4300000e-01  -1.1021508e+00
   1.4400000e-01  -1.1020992e+00
   1.4500000e-01  -1.1020472e+00
   1.4600000e-01  -1.1019949e+00
   1.4700000e-01  -1.1019422e+00
   1.4800000e-01  -1.1018892e+00
   1.4900000e-01  -1.1018359e+00
   1.5000000e-01  -1.1017822e+00
   1.5100000e-01  -1.1017282e+00
   1.5200000e-01  -1.1016739e+00
   1.5300000e-01  -1.1016193e+00
   1.5400000e-01  -1.1015644e+00
   1.5500000e-01  -1.1015092e+00
   1.5600000e-01  -1.1014537e+00
   1.5700000e-01  -1.1013979e+00
   1.5800000e-01  -1.1013419e+00
   1.5900000e-01  -1.1012856e+00
   1.6000000e-01  -1.1012290e+00
   1.6100000e-01  -1.1011722e+00
   1.6200000e-01  -1.1011152e+00
   1.6300000e-01  -1.1010579e+00
   1.6400000e-01  -1.1010004e+00
   1.6500000e-01  -1.1009428e+00
   1.6600000e-01  -1.1008849e+00
   1.6700000e-01  -1.1008268e+00
   1.6800000e-01  -1.1007685e+00
   1.6900000e-01  -1.1007101e+00
   1.7000000e-01  -1.1006515e+00
   1.7100000e-01  -1.1005927e+00
   1.7200000e-01  -1.1005338e+00
   1.7300000e-01  -1.1004748e+00
   1.7400000e-01  -1.1004156e+00
   1.7500000e-01  -1.1003563e+00
   1.7600000e-01  -1.1002969e+00
   1.7700000e-01  -1.1002375e+00
   1.7800000e-01  -1.1001779e+00
   1.7900000e-01  -1.1001183e+00
   1.8000000e-01  -1.1000586e+00
   1.8100000e-01  -1.0999989e+00
   1.8200000e-01  -1.0999391e+00
   1.8300000e-01  -1.0998793e+00
   1.8400000e-01  -1.0998195e+00
   1.8500000e-01  -1.0997596e+00
   1.8600000e-01  -1.0996998e+00
   1.8700000e-01  -1.0996400e+00
   1.8800000e-01  -1.0995803e+00
   1.8900000e-01  -1.0995205e+00
   1.9000000e-01  -1.0994609e+00
   1.9100000e-01  -1.0994012e+00
   1.9200000e-01  -1.0993417e+00
   1.9300000e-01  -1.0992823e+00
   1.9400000e-01  -1.0992229e+00
   1.9500000e-01  -1.0991637e+00
   1.9600000e-01  -1.0991046e+00
   1.9700000e-01  -1.0990457e+00
   1.9800000e-01  -1.0989869e+00
   1.9900000e-01  -1.0989283e+00
   2.0000000e-01  -1.0988698e+00
   2.0100000e-01  -1.0988116e+00
   2.0200000e-01  -1.0987535e+00
   2.0300000e-01  -1.0986957e+00
   2.0400000e-01  -1.0986381e+00
   2.0500000e-01  -1.0985807e+00
   2.0600000e-01  -1.0985237e+00
   2.0700000e-01  -1.0984668e+00
   2.0800000e-01  -1.0984103e+00
   2.0900000e-01  -1.0983541e+00
   2.1000000e-01  -1.0982982e+00
   2.1100000e-01  -1.0982426e+00
   2.1200000e-01  -1.0981874e+00
   2.1300000e-01  -1.0981325e+00
   2.1400000e-01  -1.0980780e+00
   2.1500000e-01  -1.0980239e+00
   2.1600000e-01  -1.0979702e+00
   2.1700000e-01  -1.0979169e+00
   2.1800000e-01  -1.0978640e+00
   2.1900000e-01  -1.0978116e+00
   2.2000000e-01  -1.0977596e+00
   2.2100000e-01  -1.0977081e+00
   2.2200000e-01  -1.0976571e+00
   2.2300000e-01  -1.0976066e+00
   2.2400000e-01  -1.0975567e+00
   2.2500000e-01  -1.0975072e+00
   2.2600000e-01  -1.0974583e+00
   2.2700000e-01  -1.0974100e+00
   2.2800000e-01  -1.0973623e+00
   2.2900000e-01  -1.0973151e+00
   2.3000000e-01  -1.0972686e+00
   2.3100000e-01  -1.0972227e+00
   2.3200000e-01  -1.0971775e+00
   2.3300000e-01  -1.0971329e+00
   2.3400000e-01  -1.0970889e+00
   2.3500000e-01  -1.0970457e+00
   2.3600000e-01  -1.0970032e+00
   2.3700000e-01  -1.0969614e+00
   2.3800000e-01  -1.0969203e+00
   2.3900000e-01  -1.0968800e+00
   2.4000000e-01  -1.0968404e+00
   2.4100000e-01  -1.0968017e+00
   2.4200000e-01  -1.0967637e+00
   2.4300000e-01  -1.0967265e+00
   2.4400000e-01  -1.0966902e+00
   2.4500000e-01  -1.0966548e+00
   2.4600000e-01  -1.0966202e+00
   2.4700000e-01  -1.0965865e+00
   2.4800000e-01  -1.0965536e+00
   2.4900000e-01  -1.0965217e+00
   2.5000000e-01  -1.0964908e+00
   2.5100000e-01  -1.0964607e+00
   2.5200000e-01  -1.0964317e+00
   2.5300000e-01  -1.0964036e+00
   2.5400000e-01  -1.0963765e+00
   2.5500000e-01  -1.0963505e+00
   2.5600000e-01  -1.0963254e+00
   2.5700000e-01  -1.0963014e+00
   2.5800000e-01  -1.0962785e+00
   2.5900000e-01  -1.0962566e+00
   2.6000000e-01  -1.0962359e+00
   2.6100000e-01  -1.0962162e+00
   2.6200000e-01  -1.0961977e+00
   2.6300000e-01  -1.0961803e+00
   2.6400000e-01  -1.0961641e+00
   2.6500000e-01  -1.0961491e+00
   2.6600000e-01  -1.0961352e+00
   2.6700000e-01  -1.0961226e+00
   2.6800000e-01  -1.0961112e+00
   2.6900000e-01  -1.0961010e+00
   2.7000000e-01  -1.0960921e+00
   2.7100000e-01  -1.0960845e+00
   2.7200000e-01  -1.0960781e+00
   2.7300000e-01  -1.0960731e+00
   2.7400000e-01  -1.0960694e+00
   2.7500000e-01  -1.0960671e+00
   2.7600000e-01  -1.0960661e+00
   2.7700000e-01  -1.0960665e+00
   2.7800000e-01  -1.0960682e+00
   2.7900000e-01  -1.0960714e+00
   2.8000000e-01  -1.0960760e+00
   2.8100000e-01  -1.0960821e+00
   2.8200000e-01  -1.0960896e+00
   2.8300000e-01  -1.0960985e+00
   2.8400000e-01  -1.0961090e+00
   2.8500000e-01  -1.0961210e+00
   2.8600000e-01  -1.0961345e+00
   2.8700000e-01  -1.0961495e+00
   2.8800000e-01  -1.0961661e+00
   2.8900000e-01  -1.0961843e+00
   2.9000000e-01  -1.0962040e+00
   2.9100000e-01  -1.0962254e+00
   2.9200000e-01  -1.0962484e+00
   2.9300000e-01  -1.0962730e+00
   2.9400000e-01  -1.0962992e+00
   2.9500000e-01  -1.0963272e+00
   2.9600000e-01  -1.0963568e+00
   2.9700000e-01  -1.0963881e+00
   2.9800000e-01  -1.0964211e+00
   2.9900000e-01  -1.0964559e+00
   3.0000000e-01  -1.0964924e+00
   3.0100000e-01  -1.0965307e+00
   3.0200000e-01  -1.0965707e+00
   3.0300000e-01  -1.0966126e+00
   3.0400000e-01  -1.0966562e+00
   3.0500000e-01  -1.0967017e+00
   3.0600000e-01  -1.0967490e+00
   3.0700000e-01  -1.0967982e+00
   3.0800000e-01  -1.0968493e+00
   3.0900000e-01  -1.0969022e+00
   3.1000000e-01  -1.0969570e+00
   3.1100000e-01  -1.0970138e+00
   3.1200000e-01  -1.0970725e+00
   3.1300000e-01  -1.0971331e+00
   3.1400000e-01  -1.0971957e+00
   3.1500000e-01  -1.0972603e+00
   3.1600000e-01  -1.0973269e+00
   3.1700000e-01  -1.0973954e+00
   3.1800000e-01  -1.0974660e+00
   3.1900000e-01  -1.0975387e+00
   3.2000000e-01  -1.0976134e+00
   3.2100000e-01  -1.0976901e+00
   3.2200000e-01  -1.0977689e+00
   3.2300000e-01  -1.0978499e+00
   3.2400000e-01  -1.0979329e+00
   3.2500000e-01  -1.0980181e+00
   3.2600000e-01  -1.0981054e+00
   3.2700000e-01  -1.0981948e+00
   3.2800000e-01  -1.0982864e+00
   3.2900000e-01  -1.0983802e+00
   3.3000000e-01  -1.0984762e+00
   3.3100000e-01  -1.0985744e+00
   3.3200000e-01  -1.0986748e+00
   3.3300000e-01  -1.0987774e+00
   3.3400000e-01  -1.0988823e+00
   3.3500000e-01  -1.0989895e+00
   3.3600000e-01  -1.0990989e+00
   3.3700000e-01  -1.0992106e+00
   3.3800000e-01  -1.0993246e+00
   3.3900000e-01  -1.0994409e+00
   3.4000000e-01  -1.0995596e+00
   3.4100000e-01  -1.0996806e+00
   3.4200000e-01  -1.0998039e+00
   3.4300000e-01  -1.0999296e+00
   3.4400000e-01  -1.1000577e+00
   3.4500000e-01  -1.1001882e+00
   3.4600000e-01  -1.1003211e+00
   3.4700000e-01  -1.1004563e+00
   3.4800000e-01  -1.1005941e+00
   3.4900000e-01  -1.1007342e+00
   3.5000000e-01  -1.1008768e+00
   3.5100000e-01  -1.1010219e+00
   3.5200000e-01  -1.1011694e+00
   3.5300000e-01  -1.1013195e+00
   3.5400000e-01  -1.1014720e+00
   3.5500000e-01  -1.1016270e+00
   3.5600000e-01  -1.1017846e+00
   3.5700000e-01  -1.1019446e+00
   3.5800000e-01  -1.1021073e+00
   3.5900000e-01  -1.1022725e+00
   3.6000000e-01  -1.1024402e+00
   3.6100000e-01  -1.1026105e+00
   3.6200000e-01  -1.1027834e+00
   3.6300000e-01  -1.1029589e+00
   3.6400000e-01  -1.1031370e+00
   3.6500000e-01  -1.1033178e+00
   3.6600000e-01  -1.1035011e+00
   3.6700000e-01  -1.1036871e+00
   3.6800000e-01  -1.1038757e+00
   3.6900000e-01  -1.1040670e+00
   3.7000000e-01  -1.1042610e+00
   3.7100000e-01  -1.1044576e+00
   3.7200000e-01  -1.1046569e+00
   3.7300000e-01  -1.1048590e+00
   3.7400000e-01  -1.1050637e+00
   3.7500000e-01  -1.1052711e+00
   3.7600000e-01  -1.1054813e+00
   3.7700000e-01  -1.1056942e+00
   3.7800000e-01  -1.1059098e+00
   3.7900000e-01  -1.1061282e+00
   3.8000000e-01  -1.1063493e+00
   3.8100000e-01  -1.1065733e+00
   3.8200000e-01  -1.1067999e+00
   3.8300000e-01  -1.1070294e+00
   3.8400000e-01  -1.1072617e+00
   3.8500000e-01  -1.1074967e+00
   3.8600000e-01  -1.1077346e+00
   3.8700000e-01  -1.1079752e+00
   3.8800000e-01  -1.1082187e+00
   3.8900000e-01  -1.1084651e+00
   3.9000000e-01  -1.1087142e+00
   3.9100000e-01  -1.1089662e+00
   3.9200000e-01  -1.1092211e+00
   3.9300000e-01  -1.1094788e+00
   3.9400000e-01  -1.1097394e+00
   3.9500000e-01  -1.1100028e+00
   3.9600000e-01  -1.1102691e+00
   3.9700000e-01  -1.1105384e+00
   3.9800000e-01  -1.1108104e+00
   3.9900000e-01  -1.1110854e+00
   4.0000000e-01  -1.1113633e+00
   4.0100000e-01  -1.1116441e+00
   4.0200000e-01  -1.1119278e+00
   4.0300000e-01  -1.1122145e+00
   4.0400000e-01  -1.1125040e+00
   4.0500000e-01  -1.1127965e+00
   4.0600000e-01  -1.1130919e+00
   4.0700000e-01  -1.1133903e+00
   4.0800000e-01  -1.1136916e+00
   4.0900000e-01  -1.1139958e+00
   4.1000000e-01  -1.1143030e+00
   4.1100000e-01  -1.1146132e+00
   4.1200000e-01  -1.1149263e+00
   4.1300000e-01  -1.1152424e+00
   4.1400000e-01  -1.1155614e+00
   4.1500000e-01  -1.1158834e+00
   4.1600000e-01  -1.1162084e+00
   4.1700000e-01  -1.1165364e+00
   4.1800000e-01  -1.1168673e+00
   4.1900000e-01  -1.1172013e+00
   4.2000000e-01  -1.1175382e+00
   4.2100000e-01  -1.1178782e+00
   4.2200000e-01  -1.1182211e+00
   4.2300000e-01  -1.1185670e+00
   4.2400000e-01  -1.1189159e+00
   4.2500000e-01  -1.1192678e+00
   4.2600000e-01  -1.1196227e+00
   4.2700000e-01  -1.1199807e+00
   4.2800000e-01  -1.1203416e+00
   4.2900000e-01  -1.1207056e+00
   4.3000000e-01  -1.1210725e+00
   4.3100000e-01  -1.1214425e+00
   4.3200000e-01  -1.1218155e+00
   4.3300000e-01  -1.1221915e+00
   4.3400000e-01  -1.1225705e+00
   4.3500000e-01  -1.1229525e+00
   4.3600000e-01  -1.1233376e+00
   4.3700000e-01  -1.1237256e+00
   4.3800000e-01  -1.1241167e+00
   4.3900000e-01  -1.1245108e+00
   4.4000000e-01  -1.1249079e+00
   4.4100000e-01  -1.1253080e+00
   4.4200000e-01  -1.1257112e+00
   4.4300000e-01  -1.1261174e+00
   4.4400000e-01  -1.1265266e+00
   4.4500000e-01  -1.1269388e+00
   4.4600000e-01  -1.1273540e+00
   4.4700000e-01  -1.1277722e+00
   4.4800000e-01  -1.1281934e+00
   4.4900000e-01  -1.1286177e+00
   4.5000000e-01  -1.1290450e+00
   4.5100000e-01  -1.1294752e+00
   4.5200000e-01  -1.1299085e+00
   4.5300000e-01  -1.1303448e+00
   4.5400000e-01  -1.1307841e+00
   4.5500000e-01  -1.1312263e+00
   4.5600000e-01  -1.1316716e+00
   4.5700000e-01  -1.1321199e+00
   4.5800000e-01  -1.1325711e+00
   4.5900000e-01  -1.1330254e+00
   4.6000000e-01  -1.1334826e+00
   4.6100000e-01  -1.1339428e+00
   4.6200000e-01  -1.1344060e+00
   4.6300000e-01  -1.1348722e+00
   4.6400000e-01  -1.1353413e+00
   4.6500000e-01  -1.1358134e+00
   4.6600000e-01  -1.1362885e+00
   4.6700000e-01  -1.1367665e+00
   4.6800000e-01  -1.1372475e+00
   4.6900000e-01  -1.1377314e+00
   4.7000000e-01  -1.1382183e+00
   4.7100000e-01  -1.1387081e+00
   4.7200000e-01  -1.1392008e+00
   4.7300000e-01  -1.1396965e+00
   4.7400000e-01  -1.1401951e+00
   4.7500000e-01  -1.1406966e+00
   4.7600000e-01  -1.1412010e+00
   4.7700000e-01  -1.1417084e+00
   4.7800000e-01  -1.1422186e+00
   4.7900000e-01  -1.1427317e+00
   4.8000000e-01  -1.1432478e+00
   4.8100000e-01  -1.1437667e+00
   4.8200000e-01  -1.1442884e+00
   4.8300000e-01  -1.1448131e+00
   4.8400000e-01  -1.1453406e+00
   4.8500000e-01  -1.1458709e+00
   4.8600000e-01  -1.1464042e+00
   4.8700000e-01  -1.1469402e+00
   4.8800000e-01  -1.1474791e+00
   4.8900000e-01  -1.1480208e+00
   4.9000000e-01  -1.1485653e+00
   4.9100000e-01  -1.1491126e+00
   4.9200000e-01  -1.1496627e+00
   4.9300000e-01  -1.1502156e+00
   4.9400000e-01  -1.1507713e+00
   4.9500000e-01  -1.1513298e+00
   4.9600000e-01  -1.1518910e+00
   4.9700000e-01  -1.1524550e+00
   4.9800000e-01  -1.1530218e+00
   4.9900000e-01  -1.1535912e+00
   5.0000000e-01  -1.1541634e+00
   5.0100000e-01  -1.1547383e+00
   5.0200000e-01  -1.1553160e+00
   5.0300000e-01  -1.1558963e+00
   5.0400000e-01  -1.1564793e+00
   5.0500000e-01  -1.1570650e+00
   5.0600000e-01  -1.1576533e+00
   5.0700000e-01  -1.1582443e+00
   5.0800000e-01  -1.1588380e+00
   5.0900000e-01  -1.1594343e+00
   5.1000000e-01  -1.1600332e+00
   5.1100000e-01  -1.1606347e+00
   5.1200000e-01  -1.1612388e+00
   5.1300000e-01  -1.1618455e+00
   5.1400000e-01  -1.1624548e+00
   5.1500000e-01  -1.1630667e+00
   5.1600000e-01  -1.1636811e+00
   5.1700000e-01  -1.1642980e+00
   5.1800000e-01  -1.1649175e+00
   5.1900000e-01  -1.1655395e+00
   5.2000000e-01  -1.1661640e+00
   5.2100000e-01  -1.1667909e+00
   5.2200000e-01  -1.1674204e+00
   5.2300000e-01  -1.1680523e+00
   5.2400000e-01  -1.1686867e+00
   5.2500000e-01  -1.1693235e+00
   5.2600000e-01  -1.1699627e+00
   5.2700000e-01  -1.1706044e+00
   5.2800000e-01  -1.1712484e+00
   5.2900000e-01  -1.1718948e+00
   5.3000000e-01  -1.1725436e+00
   5.3100000e-01  -1.1731947e+00
   5.3200000e-01  -1.1738482e+00
   5.3300000e-01  -1.1745040e+00
   5.3400000e-01  -1.1751621e+00
   5.3500000e-01  -1.1758225e+00
   5.3600000e-01  -1.1764852e+00
   5.3700000e-01  -1.1771502e+00
   5.3800000e-01  -1.1778173e+00
   5.3900000e-01  -1.1784868e+00
   5.4000000e-01  -1.1791584e+00
   5.4100000e-01  -1.1798323e+00
   5.4200000e-01  -1.1805083e+00
   5.4300000e-01  -1.1811865e+00
   5.4400000e-01  -1.1818668e+00
   5.4500000e-01  -1.1825493e+00
   5.4600000e-01  -1.1832339e+00
   5.4700000e-01  -1.1839206e+00
   5.4800000e-01  -1.1846094e+00
   5.4900000e-01  -1.1853003e+00
   5.5000000e-01  -1.1859932e+00
   5.5100000e-01  -1.1866882e+00
   5.5200000e-01  -1.1873851e+00
   5.5300000e-01  -1.1880841e+00
   5.5400000e-01  -1.1887851e+00
   5.5500000e-01  -1.1894880e+00
   5.5600000e-01  -1.1901928e+00
   5.5700000e-01  -1.1908996e+00
   5.5800000e-01  -1.1916083e+00
   5.5900000e-01  -1.1923189e+00
   5.6000000e-01  -1.1930314e+00
   5.6100000e-01  -1.1937457e+00
   5.6200000e-01  -1.1944619e+00
   5.6300000e-01  -1.1951798e+00
   5.6400000e-01  -1.1958996e+00
   5.6500000e-01  -1.1966212e+00
   5.6600000e-01  -1.1973445e+00
   5.6700000e-01  -1.1980695e+00
   5.6800000e-01  -1.1987963e+00
   5.6900000e-01  -1.1995248e+00
   5.7000000e-01  -1.2002549e+00
   5.7100000e-01  -1.2009867e+00
   5.7200000e-01  -1.2017202e+00
   5.7300000e-01  -1.2024553e+00
   5.7400000e-01  -1.2031919e+00
   5.7500000e-01  -1.2039302e+00
   5.7600000e-01  -1.2046700e+00
   5.7700000e-01  -1.2054114e+00
   5.7800000e-01  -1.2061543e+00
   5.7900000e-01  -1.2068986e+00
   5.8000000e-01  -1.2076445e+00
   5.8100000e-01  -1.2083918e+00
   5.8200000e-01  -1.2091405e+00
   5.8300000e-01  -1.2098907e+00
   5.8400000e-01  -1.2106422e+00
   5.8500000e-01  -1.2113952e+00
   5.8600000e-01  -1.2121494e+00
   5.8700000e-01  -1.2129050e+00
   5.8800000e-01  -1.2136619e+00
   5.8900000e-01  -1.2144201e+00
   5.9000000e-01  -1.2151796e+00
   5.9100000e-01  -1.2159403e+00
   5.9200000e-01  -1.2167022e+00
   5.9300000e-01  -1.2174653e+00
   5.9400000e-01  -1.2182295e+00
   5.9500000e-01  -1.2189950e+00
   5.9600000e-01  -1.2197615e+00
   5.9700000e-01  -1.2205292e+00
   5.9800000e-01  -1.2212979e+00
   5.9900000e-01  -1.2220677e+00
   6.0000000e-01  -1.2228385e+00
   6.0100000e-01  -1.2236104e+00
   6.0200000e-01  -1.2243832e+00
   6.0300000e-01  -1.2251570e+00
   6.0400000e-01  -1.2259318e+00
   6.0500000e-01  -1.2267074e+00
   6.0600000e-01  -1.2274840e+00
   6.0700000e-01  -1.2282614e+00
   6.0800000e-01  -1.2290397e+00
   6.0900000e-01  -1.2298188e+00
   6.1000000e-01  -1.2305987e+00
   6.1100000e-01  -1.2313794e+00
   6.1200000e-01  -1.2321608e+00
   6.1300000e-01  -1.2329430e+00
   6.1400000e-01  -1.2337259e+00
   6.1500000e-01  -1.2345094e+00
   6.1600000e-01  -1.2352937e+00
   6.1700000e-01  -1.2360785e+00
   6.1800000e-01  -1.2368640e+00
   6.1900000e-01  -1.2376500e+00
   6.2000000e-01  -1.2384366e+00
   6.2100000e-01  -1.2392237e+00
   6.2200000e-01  -1.2400114e+00
   6.2300000e-01  -1.2407995e+00
   6.2400000e-01  -1.2415881e+00
   6.2500000e-01  -1.2423771e+00
   6.2600000e-01  -1.2431665e+00
   6.2700000e-01  -1.2439563e+00
   6.2800000e-01  -1.2447465e+00
   6.2900000e-01  -1.2455370e+00
   6.3000000e-01  -1.2463278e+00
   6.3100000e-01  -1.2471189e+00
   6.3200000e-01  -1.2479103e+00
   6.3300000e-01  -1.2487019e+00
   6.3400000e-01  -1.2494937e+00
   6.3500000e-01  -1.2502857e+00
   6.3600000e-01  -1.2510778e+00
   6.3700000e-01  -1.2518701e+00
   6.3800000e-01  -1.2526625e+00
   6.3900000e-01  -1.2534550e+00
   6.4000000e-01  -1.2542475e+00
   6.4100000e-01  -1.2550401e+00
   6.4200000e-01  -1.2558326e+00
   6.4300000e-01  -1.2566252e+00
   6.4400000e-01  -1.2574177e+00
   6.4500000e-01  -1.2582101e+00
   6.4600000e-01  -1.2590024e+00
   6.4700000e-01  -1.2597946e+00
   6.4800000e-01  -1.2605867e+00
   6.4900000e-01  -1.2613786e+00
   6.5000000e-01  -1.2621703e+00
   6.5100000e-01  -1.2629617e+00
   6.5200000e-01  -1.2637529e+00
   6.5300000e-01  -1.2645438e+00
   6.5400000e-01  -1.2653345e+00
   6.5500000e-01  -1.2661248e+00
   6.5600000e-01  -1.2669147e+00
   6.5700000e-01  -1.2677043e+00
   6.5800000e-01  -1.2684934e+00
   6.5900000e-01  -1.2692821e+00
   6.6000000e-01  -1.2700704e+00
   6.6100000e-01  -1.2708582e+00
   6.6200000e-01  -1.2716454e+00
   6.6300000e-01  -1.2724321e+00
   6.6400000e-01  -1.2732183e+00
   6.6500000e-01  -1.2740039e+00
   6.6600000e-01  -1.2747888e+00
   6.6700000e-01  -1.2755732e+00
   6.6800000e-01  -1.2763568e+00
   6.6900000e-01  -1.2771398e+00
   6.7000000e-01  -1.2779220e+00
   6.7100000e-01  -1.2787035e+00
   6.7200000e-01  -1.2794843e+00
   6.7300000e-01  -1.2802642e+00
   6.7400000e-01  -1.2810433e+00
   6.7500000e-01  -1.2818216e+00
   6.7600000e-01  -1.2825990e+00
   6.7700000e-01  -1.2833755e+00
   6.7800000e-01  -1.2841511e+00
   6.7900000e-01  -1.2849257e+00
   6.8000000e-01  -1.2856994e+00
   6.8100000e-01  -1.2864721e+00
   6.8200000e-01  -1.2872437e+00
   6.8300000e-01  -1.2880143e+00
   6.8400000e-01  -1.2887838e+00
   6.8500000e-01  -1.2895522e+00
   6.8600000e-01  -1.2903195e+00
   6.8700000e-01  -1.2910857e+00
   6.8800000e-01  -1.2918506e+00
   6.8900000e-01  -1.2926144e+00
   6.9000000e-01  -1.2933769e+00
   6.9100000e-01  -1.2941382e+00
   6.9200000e-01  -1.2948982e+00
   6.9300000e-01  -1.2956569e+00
   6.9400000e-01  -1.2964143e+00
   6.9500000e-01  -1.2971703e+00
   6.9600000e-01  -1.2979250e+00
   6.9700000e-01  -1.2986782e+00
   6.9800000e-01  -1.2994301e+00
   6.9900000e-01  -1.3001804e+00
   7.0000000e-01  -1.3009293e+00
   7.0100000e-01  -1.3016768e+00
   7.0200000e-01  -1.3024226e+00
   7.0300000e-01  -1.3031670e+00
   7.0400000e-01  -1.3039097e+00
   7.0500000e-01  -1.3046509e+00
   7.0600000e-01  -1.3053905e+00
   7.0700000e-01  -1.3061284e+00
   7.0800000e-01  -1.3068646e+00
   7.0900000e-01  -1.3075992e+00
   7.1000000e-01  -1.3083321e+00
   7.1100000e-01  -1.3090632e+00
   7.1200000e-01  -1.3097925e+00
   7.1300000e-01  -1.3105201e+00
   7.1400000e-01  -1.3112458e+00
   7.1500000e-01  -1.3119698e+00
   7.1600000e-01  -1.3126918e+00
   7.1700000e-01  -1.3134120e+00
   7.1800000e-01  -1.3141303e+00
   7.1900000e-01  -1.3148467e+00
   7.2000000e-01  -1.3155612e+00
   7.2100000e-01  -1.3162736e+00
   7.2200000e-01  -1.3169841e+00
   7.2300000e-01  -1.3176926e+00
   7.2400000e-01  -1.3183990e+00
   7.2500000e-01  -1.3191034e+00
   7.2600000e-01  -1.3198057e+00
   7.2700000e-01  -1.3205059e+00
   7.2800000e-01  -1.3212040e+00
   7.2900000e-01  -1.3218999e+00
   7.3000000e-01  -1.3225937e+00
   7.3100000e-01  -1.3232853e+00
   7.3200000e-01  -1.3239747e+00
   7.3300000e-01  -1.3246618e+00
   7.3400000e-01  -1.3253467e+00
   7.3500000e-01  -1.3260294e+00
   7.3600000e-01  -1.3267097e+00
   7.3700000e-01  -1.3273877e+00
   7.3800000e-01  -1.3280635e+00
   7.3900000e-01  -1.3287368e+00
   7.4000000e-01  -1.3294078e+00
   7.4100000e-01  -1.3300764e+00
   7.4200000e-01  -1.3307426e+00
   7.4300000e-01  -1.3314063e+00
   7.4400000e-01  -1.3320676e+00
   7.4500000e-01  -1.3327265e+00
   7.4600000e-01  -1.3333828e+00
   7.4700000e-01  -1.3340366e+00
   7.4800000e-01  -1.3346879e+00
   7.4900000e-01  -1.3353367e+00
   7.5000000e-01  -1.3359829e+00
   7.5100000e-01  -1.3366265e+00
   7.5200000e-01  -1.3372675e+00
   7.5300000e-01  -1.3379059e+00
   7.5400000e-01  -1.3385417e+00
   7.5500000e-01  -1.3391748e+00
   7.5600000e-01  -1.3398052e+00
   7.5700000e-01  -1.3404330e+00
   7.5800000e-01  -1.3410580e+00
   7.5900000e-01  -1.3416803e+00
   7.6000000e-01  -1.3422999e+00
   7.6100000e-01  -1.3429167e+00
   7.6200000e-01  -1.3435307e+00
   7.6300000e-01  -1.3441420e+00
   7.6400000e-01  -1.3447504e+00
   7.6500000e-01  -1.3453560e+00
   7.6600000e-01  -1.3459588e+00
   7.6700000e-01  -1.3465587e+00
   7.6800000e-01  -1.3471558e+00
   7.6900000e-01  -1.3477499e+00
   7.7000000e-01  -1.3483412e+00
   7.7100000e-01  -1.3489295e+00
   7.7200000e-01  -1.3495149e+00
   7.7300000e-01  -1.3500974e+00
   7.7400000e-01  -1.3506769e+00
   7.7500000e-01  -1.3512535e+00
   7.7600000e-01  -1.3518270e+00
   7.7700000e-01  -1.3523975e+00
   7.7800000e-01  -1.3529651e+00
   7.7900000e-01  -1.3535296e+00
   7.8000000e-01  -1.3540910e+00
   7.8100000e-01  -1.3546494e+00
   7.8200000e-01  -1.3552048e+00
   7.8300000e-01  -1.3557570e+00
   7.8400000e-01  -1.3563062e+00
   7.8500000e-01  -1.3568522e+00
   7.8600000e-01  -1.3573952e+00
   7.8700000e-01  -1.3579350e+00
   7.8800000e-01  -1.3584716e+00
   7.8900000e-01  -1.3590052e+00
   7.9000000e-01  -1.3595355e+00
   7.9100000e-01  -1.3600627e+00
   7.9200000e-01  -1.3605867e+00
   7.9300000e-01  -1.3611075e+00
   7.9400000e-01  -1.3616251e+00
   7.9500000e-01  -1.3621394e+00
   7.9600000e-01  -1.3626506e+00
   7.9700000e-01  -1.3631585e+00
   7.9800000e-01  -1.3636632e+00
   7.9900000e-01  -1.3641646e+00
   8.0000000e-01  -1.3646627e+00
   8.0100000e-01  -1.3651576e+00
   8.0200000e-01  -1.3656492e+00
   8.0300000e-01  -1.3661375e+00
   8.0400000e-01  -1.3666225e+00
   8.0500000e-01  -1.3671042e+00
   8.0600000e-01  -1.3675826e+00
   8.0700000e-01  -1.3680577e+00
   8.0800000e-01  -1.3685295e+00
   8.0900000e-01  -1.3689979e+00
   8.1000000e-01  -1.3694629e+00
   8.1100000e-01  -1.3699247e+00
   8.1200000e-01  -1.3703830e+00
   8.1300000e-01  -1.3708380e+00
   8.1400000e-01  -1.3712897e+00
   8.1500000e-01  -1.3717380e+00
   8.1600000e-01  -1.3721829e+00
   8.1700000e-01  -1.3726244e+00
   8.1800000e-01  -1.3730625e+00
   8.1900000e-01  -1.3734973e+00
   8.2000000e-01  -1.3739286e+00
   8.2100000e-01  -1.3743565e+00
   8.2200000e-01  -1.3747811e+00
   8.2300000e-01  -1.3752022e+00
   8.2400000e-01  -1.3756199e+00
   8.2500000e-01  -1.3760343e+00
   8.2600000e-01  -1.3764451e+00
   8.2700000e-01  -1.3768526e+00
   8.2800000e-01  -1.3772567e+00
   8.2900000e-01  -1.3776573e+00
   8.3000000e-01  -1.3780545e+00
   8.3100000e-01  -1.3784483e+00
   8.3200000e-01  -1.3788386e+00
   8.3300000e-01  -1.3792255e+00
   8.3400000e-01  -1.3796090e+00
   8.3500000e-01  -1.3799891e+00
   8.3600000e-01  -1.3803657e+00
   8.3700000e-01  -1.3807389e+00
   8.3800000e-01  -1.3811086e+00
   8.3900000e-01  -1.3814750e+00
   8.4000000e-01  -1.3818379e+00
   8.4100000e-01  -1.3821973e+00
   8.4200000e-01  -1.3825534e+00
   8.4300000e-01  -1.3829060e+00
   8.4400000e-01  -1.3832551e+00
   8.4500000e-01  -1.3836009e+00
   8.4600000e-01  -1.3839432e+00
   8.4700000e-01  -1.3842821e+00
   8.4800000e-01  -1.3846176e+00
   8.4900000e-01  -1.3849497e+00
   8.5000000e-01  -1.3852783e+00
   8.5100000e-01  -1.3856036e+00
   8.5200000e-01  -1.3859254e+00
   8.5300000e-01  -1.3862439e+00
   8.5400000e-01  -1.3865589e+00
   8.5500000e-01  -1.3868706e+00
   8.5600000e-01  -1.3871789e+00
   8.5700000e-01  -1.3874837e+00
   8.5800000e-01  -1.3877852e+00
   8.5900000e-01  -1.3880834e+00
   8.6000000e-01  -1.3883781e+00
   8.6100000e-01  -1.3886695e+00
   8.6200000e-01  -1.3889576e+00
   8.6300000e-01  -1.3892423e+00
   8.6400000e-01  -1.3895236e+00
   8.6500000e-01  -1.3898017e+00
   8.6600000e-01  -1.3900764e+00
   8.6700000e-01  -1.3903477e+00
   8.6800000e-01  -1.3906158e+00
   8.6900000e-01  -1.3908806e+00
   8.7000000e-01  -1.3911420e+00
   8.7100000e-01  -1.3914002e+00
   8.7200000e-01  -1.3916551e+00
   8.7300000e-01  -1.3919067e+00
   8.7400000e-01  -1.3921551e+00
   8.7500000e-01  -1.3924002e+00
   8.7600000e-01  -1.3926420e+00
   8.7700000e-01  -1.3928807e+00
   8.7800000e-01  -1.3931161e+00
   8.7900000e-01  -1.3933483e+00
   8.8000000e-01  -1.3935773e+00
   8.8100000e-01  -1.3938031e+00
   8.8200000e-01  -1.3940258e+00
   8.8300000e-01  -1.3942452e+00
   8.8400000e-01  -1.3944616e+00
   8.8500000e-01  -1.3946747e+00
   8.8600000e-01  -1.3948848e+00
   8.8700000e-01  -1.3950917e+00
   8.8800000e-01  -1.3952956e+00
   8.8900000e-01  -1.3954963e+00
   8.9000000e-01  -1.3956940e+00
   8.9100000e-01  -1.3958886e+00
   8.9200000e-01  -1.3960801e+00
   8.9300000e-01  -1.3962687e+00
   8.9400000e-01  -1.3964542e+00
   8.9500000e-01  -1.3966367e+00
   8.9600000e-01  -1.3968162e+00
   8.9700000e-01  -1.3969927e+00
   8.9800000e-01  -1.3971663e+00
   8.9900000e-01  -1.3973369e+00
   9.0000000e-01  -1.3975046e+00
   9.0100000e-01  -1.3976694e+00
   9.0200000e-01  -1.3978313e+00
   9.0300000e-01  -1.3979903e+00
   9.0400000e-01  -1.3981465e+00
   9.0500000e-01  -1.3982998e+00
   9.0600000e-01  -1.3984503e+00
   9.0700000e-01  -1.3985980e+00
   9.0800000e-01  -1.3987429e+00
   9.0900000e-01  -1.3988850e+00
   9.1000000e-01  -1.3990244e+00
   9.1100000e-01  -1.3991610e+00
   9.1200000e-01  -1.3992950e+00
   9.1300000e-01  -1.3994262e+00
   9.1400000e-01  -1.3995548e+00
   9.1500000e-01  -1.3996807e+00
   9.1600000e-01  -1.3998040e+00
   9.1700000e-01  -1.3999246e+00
   9.1800000e-01  -1.4000427e+00
   9.1900000e-01  -1.4001582e+00
   9.2000000e-01  -1.4002711e+00
   9.2100000e-01  -1.4003815e+00
   9.2200000e-01  -1.4004894e+00
   9.2300000e-01  -1.4005949e+00
   9.2400000e-01  -1.4006978e+00
   9.2500000e-01  -1.4007983e+00
   9.2600000e-01  -1.4008964e+00
   9.2700000e-01  -1.4009921e+00
   9.2800000e-01  -1.4010855e+00
   9.2900000e-01  -1.4011765e+00
   9.3000000e-01  -1.4012651e+00
   9.3100000e-01  -1.4013515e+00
   9.3200000e-01  -1.4014356e+00
   9.3300000e-01  -1.4015174e+00
   9.3400000e-01  -1.4015970e+00
   9.3500000e-01  -1.4016744e+00
   9.3600000e-01  -1.4017497e+00
   9.3700000e-01  -1.4018228e+00
   9.3800000e-01  -1.4018937e+00
   9.3900000e-01  -1.4019626e+00
   9.4000000e-01  -1.4020294e+00
   9.4100000e-01  -1.4020941e+00
   9.4200000e-01  -1.4021568e+00
   9.4300000e-01  -1.4022176e+00
   9.4400000e-01  -1.4022764e+00
   9.4500000e-01  -1.4023332e+00
   9.4600000e-01  -1.4023881e+00
   9.4700000e-01  -1.4024412e+00
   9.4800000e-01  -1.4024924e+00
   9.4900000e-01  -1.4025417e+00
   9.5000000e-01  -1.4025893e+00
   9.5100000e-01  -1.4026351e+00
   9.5200000e-01  -1.4026792e+00
   9.5300000e-01  -1.4027215e+00
   9.5400000e-01  -1.4027622e+00
   9.5500000e-01  -1.4028013e+00
   9.5600000e-01  -1.4028387e+00
   9.5700000e-01  -1.4028745e+00
   9.5800000e-01  -1.4029088e+00
   9.5900000e-01  -1.4029416e+00
   9.6000000e-01  -1.4029729e+00
   9.6100000e-01  -1.4030027e+00
   9.6200000e-01  -1.4030310e+00
   9.6300000e-01  -1.4030580e+00
   9.6400000e-01  -1.4030836e+00
   9.6500000e-01  -1.4031079e+00
   9.6600000e-01  -1.4031309e+00
   9.6700000e-01  -1.4031526e+00
   9.6800000e-01  -1.4031731e+00
   9.6900000e-01  -1.4031924e+00
   9.7000000e-01  -1.4032105e+00
   9.7100000e-01  -1.4032274e+00
   9.7200000e-01  -1.4032433e+00
   9.7300000e-01  -1.4032581e+00
   9.7400000e-01  -1.4032719e+00
   9.7500000e-01  -1.4032847e+00
   9.7600000e-01  -1.4032966e+00
   9.7700000e-01  -1.4033075e+00
   9.7800000e-01  -1.4033175e+00
   9.7900000e-01  -1.4033267e+00
   9.8000000e-01  -1.4033350e+00
   9.8100000e-01  -1.4033426e+00
   9.8200000e-01  -1.4033494e+00
   9.8300000e-01  -1.4033556e+00
   9.8400000e-01  -1.4033610e+00
   9.8500000e-01  -1.4033658e+00
   9.8600000e-01  -1.4033701e+00
   9.8700000e-01  -1.4033737e+00
   9.8800000e-01  -1.4033769e+00
   9.8900000e-01  -1.4033796e+00
   9.9000000e-01  -1.4033818e+00
   9.9100000e-01  -1.4033837e+00
   9.9200000e-01  -1.4033851e+00
   9.9300000e-01  -1.4033863e+00
   9.9400000e-01  -1.4033871e+00
   9.9500000e-01  -1.4033878e+00
   9.9600000e-01  -1.4033882e+00
   9.9700000e-01  -1.4033884e+00
   9.9800000e-01  -1.4033886e+00
   9.9900000e-01  -1.4033886e+00
   1.0000000e+00  -1.4033886e+00
