   0.0000000e+00  -5.2546095e-01
   1.0000000e-03  -5.2546094e-01
   2.0000000e-03  -5.2546089e-01
   3.0000000e-03  -5.2546075e-01
   4.0000000e-03  -5.2546049e-01
   5.0000000e-03  -5.2546005e-01
   6.0000000e-03  -5.2545939e-01
   7.0000000e-03  -5.2545848e-01
   8.0000000e-03  -5.2545727e-01
   9.0000000e-03  -5.2545571e-01
   1.0000000e-02  -5.2545378e-01
   1.1000000e-02  -5.2545142e-01
   1.2000000e-02  -5.2544860e-01
   1.3000000e-02  -5.2544527e-01
   1.4000000e-02  -5.2544139e-01
   1.5000000e-02  -5.2543693e-01
   1.6000000e-02  -5.2543185e-01
   1.7000000e-02  -5.2542610e-01
   1.8000000e-02  -5.2541964e-01
   1.9000000e-02  -5.2541244e-01
   2.0000000e-02  -5.2540446e-01
   2.1000000e-02  -5.2539566e-01
   2.2000000e-02  -5.2538599e-01
   2.3000000e-02  -5.2537543e-01
   2.4000000e-02  -5.2536394e-01
   2.5000000e-02  -5.2535147e-01
   2.6000000e-02  -5.2533799e-01
   2.7000000e-02  -5.2532346e-01
   2.8000000e-02  -5.2530786e-01
   2.9000000e-02  -5.2529113e-01
   3.0000000e-02  -5.2527324e-01
   3.1000000e-02  -5.2525416e-01
   3.2000000e-02  -5.2523386e-01
   3.3000000e-02  -5.2521229e-01
   3.4000000e-02  -5.2518942e-01
   3.5000000e-02  -5.2516523e-01
   3.6000000e-02  -5.2513966e-01
   3.7000000e-02  -5.2511269e-01
   3.8000000e-02  -5.2508429e-01
   3.9000000e-02  -5.2505442e-01
   4.0000000e-02  -5.2502304e-01
   4.1000000e-02  -5.2499013e-01
   4.2000000e-02  -5.2495566e-01
   4.3000000e-02  -5.2491958e-01
   4.4000000e-02  -5.2488187e-01
   4.5000000e-02  -5.2484250e-01
   4.6000000e-02  -5.2480143e-01
   4.7000000e-02  -5.2475863e-01
   4.8000000e-02  -5.2471407e-01
   4.9000000e-02  -5.2466773e-01
   5.0000000e-02  -5.2461956e-01
   5.1000000e-02  -5.2456955e-01
   5.2000000e-02  -5.2451766e-01
   5.3000000e-02  -5.2446386e-01
   5.4000000e-02  -5.2440812e-01
   5.5000000e-02  -5.2435041e-01
   5.6000000e-02  -5.2429071e-01
   5.7000000e-02  -5.2422899e-01
   5.8000000e-02  -5.2416522e-01
   5.9000000e-02  -5.2409937e-01
   6.0000000e-02  -5.2403141e-01
   6.1000000e-02  -5.2396132e-01
   6.2000000e-02  -5.2388907e-01
   6.3000000e-02  -5.2381463e-01
   6.4000000e-02  -5.2373799e-01
   6.5000000e-02  -5.2365910e-01
   6.6000000e-02  -5.2357796e-01
   6.7000000e-02  -5.2349452e-01
   6.8000000e-02  -5.2340878e-01
   6.9000000e-02  -5.2332070e-01
   7.0000000e-02  -5.2323026e-01
   7.1000000e-02  -5.2313743e-01
   7.2000000e-02  -5.2304220e-01
   7.3000000e-02  -5.2294454e-01
   7.4000000e-02  -5.2284443e-01
   7.5000000e-02  -5.2274184e-01
   7.6000000e-02  -5.2263676e-01
   7.7000000e-02  -5.2252916e-01
   7.8000000e-02  -5.2241902e-01
   7.9000000e-02  -5.2230632e-01
   8.0000000e-02  -5.2219104e-01
   8.1000000e-02  -5.2207316e-01
   8.2000000e-02  -5.2195265e-01
   8.3000000e-02  -5.2182951e-01
   8.4000000e-02  -5.2170371e-01
   8.5000000e-02  -5.2157524e-01
   8.6000000e-02  -5.2144406e-01
   8.7000000e-02  -5.2131018e-01
   8.8000000e-02  -5.2117356e-01
   8.9000000e-02  -5.2103419e-01
   9.0000000e-02  -5.2089206e-01
   9.1000000e-02  -5.2074715e-01
   9.2000000e-02  -5.2059943e-01
   9.3000000e-02  -5.2044891e-01
   9.4000000e-02  -5.2029555e-01
   9.5000000e-02  -5.2013935e-01
   9.6000000e-02  -5.1998029e-01
   9.7000000e-02  -5.1981836e-01
   9.8000000e-02  -5.1965354e-01
   9.9000000e-02  -5.1948582e-01
   1.0000000e-01  -5.1931518e-01
   1.0100000e-01  -5.1914162e-01
   1.0200000e-01  -5.1896512e-01
   1.0300000e-01  -5.1878567e-01
   1.0400000e-01  -5.1860325e-01
   1.0500000e-01  -5.1841786e-01
   1.0600000e-01  -5.1822948e-01
   1.0700000e-01  -5.1803810e-01
   1.0800000e-01  -5.1784372e-01
   1.0900000e-01  -5.1764633e-01
   1.1000000e-01  -5.1744590e-01
   1.1100000e-01  -5.1724245e-01
   1.1200000e-01  -5.1703594e-01
   1.1300000e-01  -5.1682639e-01
   1.1400000e-01  -5.1661377e-01
   1.1500000e-01  -5.1639809e-01
   1.1600000e-01  -5.1617933e-01
   1.1700000e-01  -5.1595749e-01
   1.1800000e-01  -5.1573257e-01
   1.1900000e-01  -5.1550454e-01
   1.2000000e-01  -5.1527342e-01
   1.2100000e-01  -5.1503919e-01
   1.2200000e-01  -5.1480185e-01
   1.2300000e-01  -5.1456139e-01
   1.2400000e-01  -5.1431782e-01
   1.2500000e-01  -5.1407112e-01
   1.2600000e-01  -5.1382129e-01
   1.2700000e-01  -5.1356833e-01
   1.2800000e-01  -5.1331224e-01
   1.2900000e-01  -5.1305301e-01
   1.3000000e-01  -5.1279065e-01
   1.3100000e-01  -5.1252514e-01
   1.3200000e-01  -5.1225650e-01
   1.3300000e-01  -5.1198471e-01
   1.3400000e-01  -5.1170978e-01
   1.3500000e-01  -5.1143170e-01
   1.3600000e-01  -5.1115049e-01
   1.3700000e-01  -5.1086612e-01
   1.3800000e-01  -5.1057862e-01
   1.3900000e-01  -5.1028798e-01
   1.4000000e-01  -5.0999420e-01
   1.4100000e-01  -5.0969727e-01
   1.4200000e-01  -5.0939722e-01
   1.4300000e-01  -5.0909403e-01
   1.4400000e-01  -5.0878771e-01
   1.4500000e-01  -5.0847826e-01
   1.4600000e-01  -5.0816569e-01
   1.4700000e-01  -5.0785000e-01
   1.4800000e-01  -5.0753119e-01
   1.4900000e-01  -5.0720927e-01
   1.5000000e-01  -5.0688425e-01
   1.5100000e-01  -5.0655612e-01
   1.5200000e-01  -5.0622490e-01
   1.5300000e-01  -5.0589059e-01
   1.5400000e-01  -5.0555319e-01
   1.5500000e-01  -5.0521272e-01
   1.5600000e-01  -5.0486918e-01
   1.5700000e-01  -5.0452257e-01
   1.5800000e-01  -5.0417291e-01
   1.5900000e-01  -5.0382019e-01
   1.6000000e-01  -5.0346444e-01
   1.6100000e-01  -5.0310565e-01
   1.6200000e-01  -5.0274384e-01
   1.6300000e-01  -5.0237902e-01
   1.6400000e-01  -5.0201119e-01
   1.6500000e-01  -5.0164036e-01
   1.6600000e-01  -5.0126655e-01
   1.6700000e-01  -5.0088976e-01
   1.6800000e-01  -5.0051001e-01
   1.6900000e-01  -5.0012730e-01
   1.7000000e-01  -4.9974164e-01
   1.7100000e-01  -4.9935305e-01
   1.7200000e-01  -4.9896154e-01
   1.7300000e-01  -4.9856712e-01
   1.7400000e-01  -4.9816980e-01
   1.7500000e-01  -4.9776960e-01
   1.7600000e-01  -4.9736652e-01
   1.7700000e-01  -4.9696058e-01
   1.7800000e-01  -4.9655179e-01
   1.7900000e-01  -4.9614017e-01
   1.8000000e-01  -4.9572573e-01
   1.8100000e-01  -4.9530848e-01
   1.8200000e-01  -4.9488844e-01
   1.8300000e-01  -4.9446562e-01
   1.8400000e-01  -4.9404003e-01
   1.8500000e-01  -4.9361169e-01
   1.8600000e-01  -4.9318062e-01
   1.8700000e-01  -4.9274683e-01
   1.8800000e-01  -4.9231034e-01
   1.8900000e-01  -4.9187115e-01
   1.9000000e-01  -4.9142930e-01
   1.9100000e-01  -4.9098478e-01
   1.9200000e-01  -4.9053763e-01
   1.9300000e-01  -4.9008785e-01
   1.9400000e-01  -4.8963546e-01
   1.9500000e-01  -4.8918049e-01
   1.9600000e-01  -4.8872294e-01
   1.9700000e-01  -4.8826283e-01
   1.9800000e-01  -4.8780018e-01
   1.9900000e-01  -4.8733502e-01
   2.0000000e-01  -4.8686735e-01
   2.0100000e-01  -4.8639719e-01
   2.0200000e-01  -4.8592456e-01
   2.0300000e-01  -4.8544949e-01
   2.0400000e-01  -4.8497199e-01
   2.0500000e-01  -4.8449207e-01
   2.0600000e-01  -4.8400976e-01
   2.0700000e-01  -4.8352507e-01
   2.0800000e-01  -4.8303803e-01
   2.0900000e-01  -4.8254866e-01
   2.1000000e-01  -4.8205696e-01
   2.1100000e-01  -4.8156297e-01
   2.1200000e-01  -4.8106670e-01
   2.1300000e-01  -4.8056818e-01
   2.1400000e-01  -4.8006742e-01
   2.1500000e-01  -4.7956443e-01
   2.1600000e-01  -4.7905926e-01
   2.1700000e-01  -4.7855190e-01
   2.1800000e-01  -4.7804239e-01
   2.1900000e-01  -4.7753074e-01
   2.2000000e-01  -4.7701698e-01
   2.2100000e-01  -4.7650112e-01
   2.2200000e-01  -4.7598319e-01
   2.2300000e-01  -4.7546320e-01
   2.2400000e-01  -4.7494118e-01
   2.2500000e-01  -4.7441716e-01
   2.2600000e-01  -4.7389114e-01
   2.2700000e-01  -4.7336316e-01
   2.2800000e-01  -4.7283323e-01
   2.2900000e-01  -4.7230137e-01
   2.3000000e-01  -4.7176761e-01
   2.3100000e-01  -4.7123197e-01
   2.3200000e-01  -4.7069448e-01
   2.3300000e-01  -4.7015514e-01
   2.3400000e-01  -4.6961399e-01
   2.3500000e-01  -4.6907104e-01
   2.3600000e-01  -4.6852632e-01
   2.3700000e-01  -4.6797985e-01
   2.3800000e-01  -4.6743166e-01
   2.3900000e-01  -4.6688176e-01
   2.4000000e-01  -4.6633017e-01
   2.4100000e-01  -4.6577693e-01
   2.4200000e-01  -4.6522205e-01
   2.4300000e-01  -4.6466555e-01
   2.4400000e-01  -4.6410746e-01
   2.4500000e-01  -4.6354780e-01
   2.4600000e-01  -4.6298658e-01
   2.4700000e-01  -4.6242385e-01
   2.4800000e-01  -4.6185961e-01
   2.4900000e-01  -4.6129389e-01
   2.5000000e-01  -4.6072671e-01
   2.5100000e-01  -4.6015809e-01
   2.5200000e-01  -4.5958806e-01
   2.5300000e-01  -4.5901665e-01
   2.5400000e-01  -4.5844386e-01
   2.5500000e-01  -4.5786973e-01
   2.5600000e-01  -4.5729428e-01
   2.5700000e-01  -4.5671753e-01
   2.5800000e-01  -4.5613950e-01
   2.5900000e-01  -4.5556022e-01
   2.6000000e-01  -4.5497971e-01
   2.6100000e-01  -4.5439799e-01
   2.6200000e-01  -4.5381508e-01
   2.6300000e-01  -4.5323101e-01
   2.6400000e-01  -4.5264580e-01
   2.6500000e-01  -4.5205947e-01
   2.6600000e-01  -4.5147205e-01
   2.6700000e-01  -4.5088355e-01
   2.6800000e-01  -4.5029400e-01
   2.6900000e-01  -4.4970343e-01
   2.7000000e-01  -4.4911185e-01
   2.7100000e-01  -4.4851929e-01
   2.7200000e-01  -4.4792577e-01
   2.7300000e-01  -4.4733131e-01
   2.7400000e-01  -4.4673594e-01
   2.7500000e-01  -4.4613967e-01
   2.7600000e-01  -4.4554254e-01
   2.7700000e-01  -4.4494455e-01
   2.7800000e-01  -4.4434574e-01
   2.7900000e-01  -4.4374613e-01
   2.8000000e-01  -4.4314574e-01
   2.8100000e-01  -4.4254459e-01
   2.8200000e-01  -4.4194270e-01
   2.8300000e-01  -4.4134009e-01
   2.8400000e-01  -4.4073679e-01
   2.8500000e-01  -4.4013282e-01
   2.8600000e-01  -4.3952821e-01
   2.8700000e-01  -4.3892296e-01
   2.8800000e-01  -4.3831711e-01
   2.8900000e-01  -4.3771067e-01
   2.9000000e-01  -4.3710368e-01
   2.9100000e-01  -4.3649614e-01
   2.9200000e-01  -4.3588808e-01
   2.9300000e-01  -4.3527953e-01
   2.9400000e-01  -4.3467050e-01
   2.9500000e-01  -4.3406101e-01
   2.9600000e-01  -4.3345109e-01
   2.9700000e-01  -4.3284076e-01
   2.9800000e-01  -4.3223004e-01
   2.9900000e-01  -4.3161894e-01
   3.0000000e-01  -4.3100750e-01
   3.0100000e-01  -4.3039573e-01
   3.0200000e-01  -4.2978365e-01
   3.0300000e-01  -4.2917128e-01
   3.0400000e-01  -4.2855864e-01
   3.0500000e-01  -4.2794576e-01
   3.0600000e-01  -4.2733266e-01
   3.0700000e-01  -4.2671935e-01
   3.0800000e-01  -4.2610585e-01
   3.0900000e-01  -4.2549219e-01
   3.1000000e-01  -4.2487839e-01
   3.1100000e-01  -4.2426446e-01
   3.1200000e-01  -4.2365042e-01
   3.1300000e-01  -4.2303631e-01
   3.1400000e-01  -4.2242212e-01
   3.1500000e-01  -4.2180789e-01
   3.1600000e-01  -4.2119364e-01
   3.1700000e-01  -4.2057938e-01
   3.1800000e-01  -4.1996513e-01
   3.1900000e-01  -4.1935092e-01
   3.2000000e-01  -4.1873676e-01
   3.2100000e-01  -4.1812267e-01
   3.2200000e-01  -4.1750866e-01
   3.2300000e-01  -4.1689477e-01
   3.2400000e-01  -4.1628101e-01
   3.2500000e-01  -4.1566739e-01
   3.2600000e-01  -4.1505394e-01
   3.2700000e-01  -4.1444067e-01
   3.2800000e-01  -4.1382760e-01
   3.2900000e-01  -4.1321475e-01
   3.3000000e-01  -4.1260214e-01
   3.3100000e-01  -4.1198979e-01
   3.3200000e-01  -4.1137772e-01
   3.3300000e-01  -4.1076593e-01
   3.3400000e-01  -4.1015446e-01
   3.3500000e-01  -4.0954331e-01
   3.3600000e-01  -4.0893251e-01
   3.3700000e-01  -4.0832208e-01
   3.3800000e-01  -4.0771202e-01
   3.3900000e-01  -4.0710237e-01
   3.4000000e-01  -4.0649312e-01
   3.4100000e-01  -4.0588431e-01
   3.4200000e-01  -4.0527595e-01
   3.4300000e-01  -4.0466806e-01
   3.4400000e-01  -4.0406065e-01
   3.4500000e-01  -4.0345374e-01
   3.4600000e-01  -4.0284734e-01
   3.4700000e-01  -4.0224148e-01
   3.4800000e-01  -4.0163616e-01
   3.4900000e-01  -4.0103141e-01
   3.5000000e-01  -4.0042725e-01
   3.5100000e-01  -3.9982367e-01
   3.5200000e-01  -3.9922072e-01
   3.5300000e-01  -3.9861839e-01
   3.5400000e-01  -3.9801670e-01
   3.5500000e-01  -3.9741568e-01
   3.5600000e-01  -3.9681533e-01
   3.5700000e-01  -3.9621568e-01
   3.5800000e-01  -3.9561673e-01
   3.5900000e-01  -3.9501850e-01
   3.6000000e-01  -3.9442100e-01
   3.6100000e-01  -3.9382426e-01
   3.6200000e-01  -3.9322829e-01
   3.6300000e-01  -3.9263309e-01
   3.6400000e-01  -3.9203869e-01
   3.6500000e-01  -3.9144510e-01
   3.6600000e-01  -3.9085234e-01
   3.6700000e-01  -3.9026041e-01
   3.6800000e-01  -3.8966933e-01
   3.6900000e-01  -3.8907913e-01
   3.7000000e-01  -3.8848980e-01
   3.7100000e-01  -3.8790137e-01
   3.7200000e-01  -3.8731384e-01
   3.7300000e-01  -3.8672724e-01
   3.7400000e-01  -3.8614157e-01
   3.7500000e-01  -3.8555685e-01
   3.7600000e-01  -3.8497309e-01
   3.7700000e-01  -3.8439031e-01
   3.7800000e-01  -3.8380851e-01
   3.7900000e-01  -3.8322772e-01
   3.8000000e-01  -3.8264794e-01
   3.8100000e-01  -3.8206919e-01
   3.8200000e-01  -3.8149147e-01
   3.8300000e-01  -3.8091481e-01
   3.8400000e-01  -3.8033921e-01
   3.8500000e-01  -3.7976469e-01
   3.8600000e-01  -3.7919125e-01
   3.8700000e-01  -3.7861892e-01
   3.8800000e-01  -3.7804770e-01
   3.8900000e-01  -3.7747760e-01
   3.9000000e-01  -3.7690864e-01
   3.9100000e-01  -3.7634082e-01
   3.9200000e-01  -3.7577417e-01
   3.9300000e-01  -3.7520868e-01
   3.9400000e-01  -3.7464438e-01
   3.9500000e-01  -3.7408127e-01
   3.9600000e-01  -3.7351937e-01
   3.9700000e-01  -3.7295868e-01
   3.9800000e-01  -3.7239922e-01
   3.9900000e-01  -3.7184099e-01
   4.0000000e-01  -3.7128401e-01
   4.0100000e-01  -3.7072829e-01
   4.0200000e-01  -3.7017384e-01
   4.0300000e-01  -3.6962067e-01
   4.0400000e-01  -3.6906878e-01
   4.0500000e-01  -3.6851820e-01
   4.0600000e-01  -3.6796892e-01
   4.0700000e-01  -3.6742097e-01
   4.0800000e-01  -3.6687434e-01
   4.0900000e-01  -3.6632905e-01
   4.1000000e-01  -3.6578512e-01
   4.1100000e-01  -3.6524254e-01
   4.1200000e-01  -3.6470132e-01
   4.1300000e-01  -3.6416149e-01
   4.1400000e-01  -3.6362304e-01
   4.1500000e-01  -3.6308599e-01
   4.1600000e-01  -3.6255034e-01
   4.1700000e-01  -3.6201610e-01
   4.1800000e-01  -3.6148329e-01
   4.1900000e-01  -3.6095190e-01
   4.2000000e-01  -3.6042196e-01
   4.2100000e-01  -3.5989347e-01
   4.2200000e-01  -3.5936643e-01
   4.2300000e-01  -3.5884085e-01
   4.2400000e-01  -3.5831675e-01
   4.2500000e-01  -3.5779413e-01
   4.2600000e-01  -3.5727300e-01
   4.2700000e-01  -3.5675337e-01
   4.2800000e-01  -3.5623524e-01
   4.2900000e-01  -3.5571863e-01
   4.3000000e-01  -3.5520353e-01
   4.3100000e-01  -3.5468997e-01
   4.3200000e-01  -3.5417793e-01
   4.3300000e-01  -3.5366745e-01
   4.3400000e-01  -3.5315851e-01
   4.3500000e-01  -3.5265113e-01
   4.3600000e-01  -3.5214531e-01
   4.3700000e-01  -3.5164107e-01
   4.3800000e-01  -3.5113840e-01
   4.3900000e-01  -3.5063732e-01
   4.4000000e-01  -3.5013783e-01
   4.4100000e-01  -3.4963994e-01
   4.4200000e-01  -3.4914365e-01
   4.4300000e-01  -3.4864898e-01
   4.4400000e-01  -3.4815592e-01
   4.4500000e-01  -3.4766449e-01
   4.4600000e-01  -3.4717469e-01
   4.4700000e-01  -3.4668652e-01
   4.4800000e-01  -3.4620000e-01
   4.4900000e-01  -3.4571512e-01
   4.5000000e-01  -3.4523190e-01
   4.5100000e-01  -3.4475033e-01
   4.5200000e-01  -3.4427044e-01
   4.5300000e-01  -3.4379221e-01
   4.5400000e-01  -3.4331566e-01
   4.5500000e-01  -3.4284079e-01
   4.5600000e-01  -3.4236761e-01
   4.5700000e-01  -3.4189612e-01
   4.5800000e-01  -3.4142632e-01
   4.5900000e-01  -3.4095823e-01
   4.6000000e-01  -3.4049185e-01
   4.6100000e-01  -3.4002717e-01
   4.6200000e-01  -3.3956422e-01
   4.6300000e-01  -3.3910298e-01
   4.6400000e-01  -3.3864347e-01
   4.6500000e-01  -3.3818570e-01
   4.6600000e-01  -3.3772965e-01
   4.6700000e-01  -3.3727535e-01
   4.6800000e-01  -3.3682278e-01
   4.6900000e-01  -3.3637197e-01
   4.7000000e-01  -3.3592291e-01
   4.7100000e-01  -3.3547560e-01
   4.7200000e-01  -3.3503005e-01
   4.7300000e-01  -3.3458626e-01
   4.7400000e-01  -3.3414425e-01
   4.7500000e-01  -3.3370400e-01
   4.7600000e-01  -3.3326552e-01
   4.7700000e-01  -3.3282883e-01
   4.7800000e-01  -3.3239391e-01
   4.7900000e-01  -3.3196078e-01
   4.8000000e-01  -3.3152944e-01
   4.8100000e-01  -3.3109988e-01
   4.8200000e-01  -3.3067212e-01
   4.8300000e-01  -3.3024616e-01
   4.8400000e-01  -3.2982200e-01
   4.8500000e-01  -3.2939964e-01
   4.8600000e-01  -3.2897908e-01
   4.8700000e-01  -3.2856034e-01
   4.8800000e-01  -3.2814340e-01
   4.8900000e-01  -3.2772828e-01
   4.9000000e-01  -3.2731497e-01
   4.9100000e-01  -3.2690348e-01
   4.9200000e-01  -3.2649381e-01
   4.9300000e-01  -3.2608596e-01
   4.9400000e-01  -3.2567994e-01
   4.9500000e-01  -3.2527575e-01
   4.9600000e-01  -3.2487338e-01
   4.9700000e-01  -3.2447284e-01
   4.9800000e-01  -3.2407414e-01
   4.9900000e-01  -3.2367727e-01
   5.0000000e-01  -3.2328224e-01
   5.0100000e-01  -3.2288904e-01
   5.0200000e-01  -3.2249769e-01
   5.0300000e-01  -3.2210817e-01
   5.0400000e-01  -3.2172050e-01
   5.0500000e-01  -3.2133467e-01
   5.0600000e-01  -3.2095068e-01
   5.0700000e-01  -3.2056854e-01
   5.0800000e-01  -3.2018825e-01
   5.0900000e-01  -3.1980980e-01
   5.1000000e-01  -3.1943321e-01
   5.1100000e-01  -3.1905846e-01
   5.1200000e-01  -3.1868556e-01
   5.1300000e-01  -3.1831452e-01
   5.1400000e-01  -3.1794533e-01
   5.1500000e-01  -3.1757799e-01
   5.1600000e-01  -3.1721250e-01
   5.1700000e-01  -3.1684887e-01
   5.1800000e-01  -3.1648709e-01
   5.1900000e-01  -3.1612716e-01
   5.2000000e-01  -3.1576909e-01
   5.2100000e-01  -3.1541288e-01
   5.2200000e-01  -3.1505852e-01
   5.2300000e-01  -3.1470601e-01
   5.2400000e-01  -3.1435536e-01
   5.2500000e-01  -3.1400657e-01
   5.2600000e-01  -3.1365963e-01
   5.2700000e-01  -3.1331454e-01
   5.2800000e-01  -3.1297131e-01
   5.2900000e-01  -3.1262993e-01
   5.3000000e-01  -3.1229041e-01
   5.3100000e-01  -3.1195274e-01
   5.3200000e-01  -3.1161692e-01
   5.3300000e-01  -3.1128295e-01
   5.3400000e-01  -3.1095083e-01
   5.3500000e-01  -3.1062057e-01
   5.3600000e-01  -3.1029215e-01
   5.3700000e-01  -3.0996558e-01
   5.3800000e-01  -3.0964086e-01
   5.3900000e-01  -3.0931799e-01
   5.4000000e-01  -3.0899696e-01
   5.4100000e-01  -3.0867777e-01
   5.4200000e-01  -3.0836043e-01
   5.4300000e-01  -3.0804493e-01
   5.4400000e-01  -3.0773128e-01
   5.4500000e-01  -3.0741946e-01
   5.4600000e-01  -3.0710948e-01
   5.4700000e-01  -3.0680133e-01
   5.4800000e-01  -3.0649502e-01
   5.4900000e-01  -3.0619054e-01
   5.5000000e-01  -3.0588790e-01
   5.5100000e-01  -3.0558708e-01
   5.5200000e-01  -3.0528809e-01
   5.5300000e-01  -3.0499093e-01
   5.5400000e-01  -3.0469559e-01
   5.5500000e-01  -3.0440207e-01
   5.5600000e-01  -3.0411037e-01
   5.5700000e-01  -3.0382049e-01
   5.5800000e-01  -3.0353243e-01
   5.5900000e-01  -3.0324617e-01
   5.6000000e-01  -3.0296173e-01
   5.6100000e-01  -3.0267910e-01
   5.6200000e-01  -3.0239827e-01
   5.6300000e-01  -3.0211925e-01
   5.6400000e-01  -3.0184203e-01
   5.6500000e-01  -3.0156660e-01
   5.6600000e-01  -3.0129298e-01
   5.6700000e-01  -3.0102114e-01
   5.6800000e-01  -3.0075110e-01
   5.6900000e-01  -3.0048284e-01
   5.7000000e-01  -3.0021636e-01
   5.7100000e-01  -2.9995167e-01
   5.7200000e-01  -2.9968876e-01
   5.7300000e-01  -2.9942762e-01
   5.7400000e-01  -2.9916825e-01
   5.7500000e-01  -2.9891066e-01
   5.7600000e-01  -2.9865482e-01
   5.7700000e-01  -2.9840076e-01
   5.7800000e-01  -2.9814845e-01
   5.7900000e-01  -2.9789789e-01
   5.8000000e-01  -2.9764909e-01
   5.8100000e-01  -2.9740204e-01
   5.8200000e-01  -2.9715673e-01
   5.8300000e-01  -2.9691316e-01
   5.8400000e-01  -2.9667134e-01
   5.8500000e-01  -2.9643124e-01
   5.8600000e-01  -2.9619288e-01
   5.8700000e-01  -2.9595624e-01
   5.8800000e-01  -2.9572133e-01
   5.8900000e-01  -2.9548813e-01
   5.9000000e-01  -2.9525665e-01
   5.9100000e-01  -2.9502689e-01
   5.9200000e-01  -2.9479882e-01
   5.9300000e-01  -2.9457246e-01
   5.9400000e-01  -2.9434780e-01
   5.9500000e-01  -2.9412483e-01
   5.9600000e-01  -2.9390356e-01
   5.9700000e-01  -2.9368396e-01
   5.9800000e-01  -2.9346605e-01
   5.9900000e-01  -2.9324982e-01
   6.0000000e-01  -2.9303526e-01
   6.0100000e-01  -2.9282236e-01
   6.0200000e-01  -2.9261113e-01
   6.0300000e-01  -2.9240156e-01
   6.0400000e-01  -2.9219364e-01
   6.0500000e-01  -2.9198737e-01
   6.0600000e-01  -2.9178274e-01
   6.0700000e-01  -2.9157976e-01
   6.0800000e-01  -2.9137840e-01
   6.0900000e-01  -2.9117868e-01
   6.1000000e-01  -2.9098059e-01
   6.1100000e-01  -2.9078411e-01
   6.1200000e-01  -2.9058925e-01
   6.1300000e-01  -2.9039599e-01
   6.1400000e-01  -2.9020434e-01
   6.1500000e-01  -2.9001429e-01
   6.1600000e-01  -2.8982584e-01
   6.1700000e-01  -2.8963897e-01
   6.1800000e-01  -2.8945369e-01
   6.1900000e-01  -2.8926998e-01
   6.2000000e-01  -2.8908785e-01
   6.2100000e-01  -2.8890729e-01
   6.2200000e-01  -2.8872828e-01
   6.2300000e-01  -2.8855084e-01
   6.2400000e-01  -2.8837494e-01
   6.2500000e-01  -2.8820059e-01
   6.2600000e-01  -2.8802778e-01
   6.2700000e-01  -2.8785650e-01
   6.2800000e-01  -2.8768675e-01
   6.2900000e-01  -2.8751852e-01
   6.3000000e-01  -2.8735181e-01
   6.3100000e-01  -2.8718661e-01
   6.3200000e-01  -2.8702291e-01
   6.3300000e-01  -2.8686072e-01
   6.3400000e-01  -2.8670001e-01
   6.3500000e-01  -2.8654079e-01
   6.3600000e-01  -2.8638306e-01
   6.3700000e-01  -2.8622680e-01
   6.3800000e-01  -2.8607200e-01
   6.3900000e-01  -2.8591867e-01
   6.4000000e-01  -2.8576680e-01
   6.4100000e-01  -2.8561638e-01
   6.4200000e-01  -2.8546740e-01
   6.4300000e-01  -2.8531985e-01
   6.4400000e-01  -2.8517374e-01
   6.4500000e-01  -2.8502906e-01
   6.4600000e-01  -2.8488579e-01
   6.4700000e-01  -2.8474393e-01
   6.4800000e-01  -2.8460348e-01
   6.4900000e-01  -2.8446443e-01
   6.5000000e-01  -2.8432678e-01
   6.5100000e-01  -2.8419051e-01
   6.5200000e-01  -2.8405561e-01
   6.5300000e-01  -2.8392210e-01
   6.5400000e-01  -2.8378994e-01
   6.5500000e-01  -2.8365915e-01
   6.5600000e-01  -2.8352971e-01
   6.5700000e-01  -2.8340162e-01
   6.5800000e-01  -2.8327487e-01
   6.5900000e-01  -2.8314945e-01
   6.6000000e-01  -2.8302535e-01
   6.6100000e-01  -2.8290258e-01
   6.6200000e-01  -2.8278111e-01
   6.6300000e-01  -2.8266096e-01
   6.6400000e-01  -2.8254210e-01
   6.6500000e-01  -2.8242453e-01
   6.6600000e-01  -2.8230825e-01
   6.6700000e-01  -2.8219325e-01
   6.6800000e-01  -2.8207951e-01
   6.6900000e-01  -2.8196704e-01
   6.7000000e-01  -2.8185583e-01
   6.7100000e-01  -2.8174587e-01
   6.7200000e-01  -2.8163714e-01
   6.7300000e-01  -2.8152966e-01
   6.7400000e-01  -2.8142340e-01
   6.7500000e-01  -2.8131837e-01
   6.7600000e-01  -2.8121454e-01
   6.7700000e-01  -2.8111193e-01
   6.7800000e-01  -2.8101051e-01
   6.7900000e-01  -2.8091029e-01
   6.8000000e-01  -2.8081125e-01
   6.8100000e-01  -2.8071339e-01
   6.8200000e-01  -2.8061670e-01
   6.8300000e-01  -2.8052118e-01
   6.8400000e-01  -2.8042680e-01
   6.8500000e-01  -2.8033358e-01
   6.8600000e-01  -2.8024150e-01
   6.8700000e-01  -2.8015055e-01
   6.8800000e-01  -2.8006073e-01
   6.8900000e-01  -2.7997203e-01
   6.9000000e-01  -2.7988444e-01
   6.9100000e-01  -2.7979796e-01
   6.9200000e-01  -2.7971257e-01
   6.9300000e-01  -2.7962827e-01
   6.9400000e-01  -2.7954506e-01
   6.9500000e-01  -2.7946291e-01
   6.9600000e-01  -2.7938184e-01
   6.9700000e-01  -2.7930182e-01
   6.9800000e-01  -2.7922286e-01
   6.9900000e-01  -2.7914494e-01
   7.0000000e-01  -2.7906806e-01
   7.0100000e-01  -2.7899221e-01
   7.0200000e-01  -2.7891738e-01
   7.0300000e-01  -2.7884356e-01
   7.0400000e-01  -2.7877076e-01
   7.0500000e-01  -2.7869895e-01
   7.0600000e-01  -2.7862813e-01
   7.0700000e-01  -2.7855830e-01
   7.0800000e-01  -2.7848944e-01
   7.0900000e-01  -2.7842156e-01
   7.1000000e-01  -2.7835463e-01
   7.1100000e-01  -2.7828866e-01
   7.1200000e-01  -2.7822364e-01
   7.1300000e-01  -2.7815955e-01
   7.1400000e-01  -2.7809640e-01
   7.1500000e-01  -2.7803417e-01
   7.1600000e-01  -2.7797286e-01
   7.1700000e-01  -2.7791246e-01
   7.1800000e-01  -2.7785295e-01
   7.1900000e-01  -2.7779435e-01
   7.2000000e-01  -2.7773662e-01
   7.2100000e-01  -2.7767978e-01
   7.2200000e-01  -2.7762381e-01
   7.2300000e-01  -2.7756870e-01
   7.2400000e-01  -2.7751444e-01
   7.2500000e-01  -2.7746104e-01
   7.2600000e-01  -2.7740847e-01
   7.2700000e-01  -2.7735674e-01
   7.2800000e-01  -2.7730584e-01
   7.2900000e-01  -2.7725575e-01
   7.3000000e-01  -2.7720648e-01
   7.3100000e-01  -2.7715800e-01
   7.3200000e-01  -2.7711033e-01
   7.3300000e-01  -2.7706344e-01
   7.3400000e-01  -2.7701733e-01
   7.3500000e-01  -2.7697200e-01
   7.3600000e-01  -2.7692743e-01
   7.3700000e-01  -2.7688362e-01
   7.3800000e-01  -2.7684056e-01
   7.3900000e-01  -2.7679825e-01
   7.4000000e-01  -2.7675667e-01
   7.4100000e-01  -2.7671582e-01
   7.4200000e-01  -2.7667569e-01
   7.4300000e-01  -2.7663628e-01
   7.4400000e-01  -2.7659757e-01
   7.4500000e-01  -2.7655957e-01
   7.4600000e-01  -2.7652225e-01
   7.4700000e-01  -2.7648562e-01
   7.4800000e-01  -2.7644967e-01
   7.4900000e-01  -2.7641439e-01
   7.5000000e-01  -2.7637977e-01
   7.5100000e-01  -2.7634581e-01
   7.5200000e-01  -2.7631249e-01
   7.5300000e-01  -2.7627982e-01
   7.5400000e-01  -2.7624778e-01
   7.5500000e-01  -2.7621637e-01
   7.5600000e-01  -2.7618558e-01
   7.5700000e-01  -2.7615540e-01
   7.5800000e-01  -2.7612583e-01
   7.5900000e-01  -2.7609686e-01
   7.6000000e-01  -2.7606848e-01
   7.6100000e-01  -2.7604068e-01
   7.6200000e-01  -2.7601347e-01
   7.6300000e-01  -2.7598682e-01
   7.6400000e-01  -2.7596074e-01
   7.6500000e-01  -2.7593521e-01
   7.6600000e-01  -2.7591024e-01
   7.6700000e-01  -2.7588580e-01
   7.6800000e-01  -2.7586191e-01
   7.6900000e-01  -2.7583854e-01
   7.7000000e-01  -2.7581570e-01
   7.7100000e-01  -2.7579337e-01
   7.7200000e-01  -2.7577155e-01
   7.7300000e-01  -2.7575024e-01
   7.7400000e-01  -2.7572942e-01
   7.7500000e-01  -2.7570909e-01
   7.7600000e-01  -2.7568925e-01
   7.7700000e-01  -2.7566988e-01
   7.7800000e-01  -2.7565098e-01
   7.7900000e-01  -2.7563254e-01
   7.8000000e-01  -2.7561456e-01
   7.8100000e-01  -2.7559704e-01
   7.8200000e-01  -2.7557995e-01
   7.8300000e-01  -2.7556330e-01
   7.8400000e-01  -2.7554709e-01
   7.8500000e-01  -2.7553130e-01
   7.8600000e-01  -2.7551592e-01
   7.8700000e-01  -2.7550096e-01
   7.8800000e-01  -2.7548641e-01
   7.8900000e-01  -2.7547226e-01
   7.9000000e-01  -2.7545850e-01
   7.9100000e-01  -2.7544513e-01
   7.9200000e-01  -2.7543214e-01
   7.9300000e-01  -2.7541953e-01
   7.9400000e-01  -2.7540728e-01
   7.9500000e-01  -2.7539540e-01
   7.9600000e-01  -2.7538388e-01
   7.9700000e-01  -2.7537271e-01
   7.9800000e-01  -2.7536189e-01
   7.9900000e-01  -2.7535141e-01
   8.0000000e-01  -2.7534126e-01
   8.0100000e-01  -2.7533144e-01
   8.0200000e-01  -2.7532195e-01
   8.0300000e-01  -2.7531277e-01
   8.0400000e-01  -2.7530391e-01
   8.0500000e-01  -2.7529535e-01
   8.0600000e-01  -2.7528710e-01
   8.0700000e-01  -2.7527914e-01
   8.0800000e-01  -2.7527147e-01
   8.0900000e-01  -2.7526408e-01
   8.1000000e-01  -2.7525698e-01
   8.1100000e-01  -2.7525015e-01
   8.1200000e-01  -2.7524358e-01
   8.1300000e-01  -2.7523729e-01
   8.1400000e-01  -2.7523125e-01
   8.1500000e-01  -2.7522546e-01
   8.1600000e-01  -2.7521993e-01
   8.1700000e-01  -2.7521464e-01
   8.1800000e-01  -2.7520958e-01
   8.1900000e-01  -2.7520476e-01
   8.2000000e-01  -2.7520017e-01
   8.2100000e-01  -2.7519580e-01
   8.2200000e-01  -2.7519166e-01
   8.2300000e-01  -2.7518772e-01
   8.2400000e-01  -2.7518400e-01
   8.2500000e-01  -2.7518048e-01
   8.2600000e-01  -2.7517716e-01
   8.2700000e-01  -2.7517404e-01
   8.2800000e-01  -2.7517111e-01
   8.2900000e-01  -2.7516837e-01
   8.3000000e-01  -2.7516581e-01
   8.3100000e-01  -2.7516343e-01
   8.3200000e-01  -2.7516122e-01
   8.3300000e-01  -2.7515918e-01
   8.3400000e-01  -2.7515731e-01
   8.3500000e-01  -2.7515559e-01
   8.3600000e-01  -2.7515404e-01
   8.3700000e-01  -2.7515264e-01
   8.3800000e-01  -2.7515138e-01
   8.3900000e-01  -2.7515027e-01
   8.4000000e-01  -2.7514931e-01
   8.4100000e-01  -2.7514848e-01
   8.4200000e-01  -2.7514778e-01
   8.4300000e-01  -2.7514721e-01
   8.4400000e-01  -2.7514677e-01
   8.4500000e-01  -2.7514645e-01
   8.4600000e-01  -2.7514625e-01
   8.4700000e-01  -2.7514616e-01
   8.4800000e-01  -2.7514619e-01
   8.4900000e-01  -2.7514632e-01
   8.5000000e-01  -2.7514655e-01
   8.5100000e-01  -2.7514689e-01
   8.5200000e-01  -2.7514732e-01
   8.5300000e-01  -2.7514785e-01
   8.5400000e-01  -2.7514847e-01
   8.5500000e-01  -2.7514918e-01
   8.5600000e-01  -2.7514997e-01
   8.5700000e-01  -2.7515084e-01
   8.5800000e-01  -2.7515179e-01
   8.5900000e-01  -2.7515282e-01
   8.6000000e-01  -2.7515392e-01
   8.6100000e-01  -2.7515508e-01
   8.6200000e-01  -2.7515632e-01
   8.6300000e-01  -2.7515761e-01
   8.6400000e-01  -2.7515897e-01
   8.6500000e-01  -2.7516039e-01
   8.6600000e-01  -2.7516186e-01
   8.6700000e-01  -2.7516338e-01
   8.6800000e-01  -2.7516496e-01
   8.6900000e-01  -2.7516658e-01
   8.7000000e-01  -2.7516824e-01
   8.7100000e-01  -2.7516995e-01
   8.7200000e-01  -2.7517170e-01
   8.7300000e-01  -2.7517349e-01
   8.7400000e-01  -2.7517531e-01
   8.7500000e-01  -2.7517717e-01
   8.7600000e-01  -2.7517905e-01
   8.7700000e-01  -2.7518097e-01
   8.7800000e-01  -2.7518291e-01
   8.7900000e-01  -2.7518488e-01
   8.8000000e-01  -2.7518686e-01
   8.8100000e-01  -2.7518887e-01
   8.8200000e-01  -2.7519090e-01
   8.8300000e-01  -2.7519294e-01
   8.8400000e-01  -2.7519500e-01
   8.8500000e-01  -2.7519707e-01
   8.8600000e-01  -2.7519916e-01
   8.8700000e-01  -2.7520125e-01
   8.8800000e-01  -2.7520335e-01
   8.8900000e-01  -2.7520545e-01
   8.9000000e-01  -2.7520756e-01
   8.9100000e-01  -2.7520967e-01
   8.9200000e-01  -2.7521179e-01
   8.9300000e-01  -2.7521390e-01
   8.9400000e-01  -2.7521601e-01
   8.9500000e-01  -2.7521812e-01
   8.9600000e-01  -2.7522022e-01
   8.9700000e-01  -2.7522232e-01
   8.9800000e-01  -2.7522441e-01
   8.9900000e-01  -2.7522650e-01
   9.0000000e-01  -2.7522857e-01
   9.0100000e-01  -2.7523063e-01
   9.0200000e-01  -2.7523268e-01
   9.0300000e-01  -2.7523472e-01
   9.0400000e-01  -2.7523674e-01
   9.0500000e-01  -2.7523875e-01
   9.0600000e-01  -2.7524074e-01
   9.0700000e-01  -2.7524272e-01
   9.0800000e-01  -2.7524468e-01
   9.0900000e-01  -2.7524662e-01
   9.1000000e-01  -2.7524853e-01
   9.1100000e-01  -2.7525043e-01
   9.1200000e-01  -2.7525231e-01
   9.1300000e-01  -2.7525417e-01
   9.1400000e-01  -2.7525600e-01
   9.1500000e-01  -2.7525781e-01
   9.1600000e-01  -2.7525960e-01
   9.1700000e-01  -2.7526136e-01
   9.1800000e-01  -2.7526310e-01
   9.1900000e-01  -2.7526481e-01
   9.2000000e-01  -2.7526649e-01
   9.2100000e-01  -2.7526815e-01
   9.2200000e-01  -2.7526978e-01
   9.2300000e-01  -2.7527139e-01
   9.2400000e-01  -2.7527297e-01
   9.2500000e-01  -2.7527452e-01
   9.2600000e-01  -2.7527604e-01
   9.2700000e-01  -2.7527753e-01
   9.2800000e-01  -2.7527899e-01
   9.2900000e-01  -2.7528042e-01
   9.3000000e-01  -2.7528183e-01
   9.3100000e-01  -2.7528320e-01
   9.3200000e-01  -2.7528455e-01
   9.3300000e-01  -2.7528586e-01
   9.3400000e-01  -2.7528715e-01
   9.3500000e-01  -2.7528840e-01
   9.3600000e-01  -2.7528963e-01
   9.3700000e-01  -2.7529082e-01
   9.3800000e-01  -2.7529199e-01
   9.3900000e-01  -2.7529312e-01
   9.4000000e-01  -2.7529423e-01
   9.4100000e-01  -2.7529530e-01
   9.4200000e-01  -2.7529635e-01
   9.4300000e-01  -2.7529736e-01
   9.4400000e-01  -2.7529835e-01
   9.4500000e-01  -2.7529930e-01
   9.4600000e-01  -2.7530023e-01
   9.4700000e-01  -2.7530113e-01
   9.4800000e-01  -2.7530200e-01
   9.4900000e-01  -2.7530284e-01
   9.5000000e-01  -2.7530365e-01
   9.5100000e-01  -2.7530443e-01
   9.5200000e-01  -2.7530519e-01
   9.5300000e-01  -2.7530591e-01
   9.5400000e-01  -2.7530661e-01
   9.5500000e-01  -2.7530729e-01
   9.5600000e-01  -2.7530794e-01
   9.5700000e-01  -2.7530856e-01
   9.5800000e-01  -2.7530915e-01
   9.5900000e-01  -2.7530972e-01
   9.6000000e-01  -2.7531026e-01
   9.6100000e-01  -2.7531078e-01
   9.6200000e-01  -2.7531128e-01
   9.6300000e-01  -2.7531175e-01
   9.6400000e-01  -2.7531220e-01
   9.6500000e-01  -2.7531263e-01
   9.6600000e-01  -2.7531303e-01
   9.6700000e-01  -2.7531341e-01
   9.6800000e-01  -2.7531377e-01
   9.6900000e-01  -2.7531411e-01
   9.7000000e-01  -2.7531443e-01
   9.7100000e-01  -2.7531473e-01
   9.7200000e-01  -2.7531501e-01
   9.7300000e-01  -2.7531527e-01
   9.7400000e-01  -2.7531552e-01
   9.7500000e-01  -2.7531574e-01
   9.7600000e-01  -2.7531595e-01
   9.7700000e-01  -2.7531615e-01
   9.7800000e-01  -2.7531632e-01
   9.7900000e-01  -2.7531649e-01
   9.8000000e-01  -2.7531663e-01
   9.8100000e-01  -2.7531677e-01
   9.8200000e-01  -2.7531689e-01
   9.8300000e-01  -2.7531700e-01
   9.8400000e-01  -2.7531710e-01
   9.8500000e-01  -2.7531718e-01
   9.8600000e-01  -2.7531726e-01
   9.8700000e-01  -2.7531732e-01
   9.8800000e-01  -2.7531738e-01
   9.8900000e-01  -2.7531743e-01
   9.9000000e-01  -2.7531747e-01
   9.9100000e-01  -2.7531750e-01
   9.9200000e-01  -2.7531752e-01
   9.9300000e-01  -2.7531754e-01
   9.9400000e-01  -2.7531756e-01
   9.9500000e-01  -2.7531757e-01
   9.9600000e-01  -2.7531758e-01
   9.9700000e-01  -2.7531758e-01
   9.9800000e-01  -2.7531759e-01
   9.9900000e-01  -2.7531759e-01
   1.0000000e+00  -2.7531759e-01
